4 4 0.5437262357414449 0.4562737642585551 1.1420134278895877e-244 9.646789845861616e-2495.310766478469304e-248 0.5061728395061729 0.4938271604938272 1.9030128106681854e-2553.695519268030721e-245 6.5596782562007914e-248 0.5041322314049587 0.495867768595041340.47808764940239046 1.0657362248814516e-246 1.416841414724227e-248 0.5219123505976097
4 4 0.545455 0.454545 0.0 0.0 0.0 0.506173 0.493827 0.0 0.0 0.0 0.504132 0.495868 0.478088 0.0 0.0 0.521912


4 4 1.0 6.0823941258836814e-18 0.0 5.837701967776915e-18  6.346298617430679e-18 1.0 1.1288051902933472e-18 0.0  0.0 1.0191545518617748e-17 1.0 9.865256620715207e-18  5.977430223980247e-18 0.0 1.0100637596126421e-18 1.0
4 4 1.0 0.0 0.0 0.0 0.0 1.0 0.0 0.0 0.0 0.0 1.0 0.0 0.0 0.0 0.0 1.0


4 4 0.5437262357414449 0.4562737642585551 1.1420134278895877e-244 9.646789845861616e-249  5.310766478469304e-248 0.5061728395061729 0.4938271604938272 1.9030128106681854e-255  3.695519268030721e-245 6.5596782562007914e-248 0.5041322314049587 0.49586776859504134  0.47808764940239046 1.0657362248814516e-246 1.416841414724227e-248 0.5219123505976097
4 4 1.0 6.0823941258836814e-18 0.0 5.837701967776915e-18  6.346298617430679e-18 1.0 1.1288051902933472e-18 0.0  0.0 1.0191545518617748e-17 1.0 9.865256620715207e-18  5.977430223980247e-18 0.0 1.0100637596126421e-18 1.0


[[0.6964764072237691, 0.013355520467963426, 0.2901680723082681],
[0.10146484237721358, 0.8120129780896936, 0.08652217953309357],
[0.19211580982560375, 0.3012794969185915, 0.5066046932558034]]

[[0.6887972824578699, 0.22515641843057055, 0.07537016018577528, 0.0106761389257843],
[0.06786807834759359, 0.41206675505247214, 0.28139193370751686, 0.23867323289241826],
[4.0752407194770376e-48, 5.853711322911404e-13, 0.35330159172209175, 0.6466984082773223]]

[[0.9999999999999991, 0.0, 0.0]]

A: [[0.5066047845783489, 0.19211538935551223, 0.3012798260661397],
    [0.2901676294663984, 0.6964768922786994, 0.013355478254903857],
    [0.08652197573918818, 0.10146492019926373, 0.8120131040615497]]

B: [[1.2523190426054656e-47, 1.0469000182347787e-12, 0.35330166194190854, 0.646698338057045],
    [0.6887968781625131, 0.22515619033001302, 0.0753703192829524, 0.010676612224522734],
    [0.06786815079585226, 0.4120666780531464, 0.2813918849153279, 0.23867328623567413]]

Pi: [[0.0, 0.9999999999999967, 0.0]]

A: [[0.812013215380573, 0.10146499045158885, 0.08652179416783752],
    [0.013355444146766694, 0.6964773174107788, 0.2901672384424544],
    [0.30128011538831123, 0.19211501960747668, 0.5066048650042111]]

B: [[0.06786821302941785, 0.41206660891494323, 0.28139184282444574, 0.23867333523119316],
    [0.6887965235256809, 0.22515598868087314, 0.07537045910989248, 0.010677028683552825],
    [6.526829308796939e-44, 1.6588673227219733e-12, 0.3533017233515818, 0.6466982766467588]]

Pi: [[0.0, 0.9999999999999978, 0.0]]

A: [[0.6964712553713269, 0.29017278138614716, 0.013355963242526393],
    [0.19212027781203778, 0.5066037227857191, 0.30127599940224187],
    [0.10146401202897297, 0.08652434875651821, 0.8120116392145104]]

B: [[0.6888015771793085, 0.22515884441931747, 0.07536846957420797, 0.010671108827166393],
    [3.7158621359234244e-41, 5.904608372752112e-14, 0.35330084639848147, 0.646699153601459],
    [0.06786731127655352, 0.4120675753884299, 0.28139245062881846, 0.23867266270619883]]

Pi: [[1.0000000000000038, 0.0, 0.0]]


A: [[0.5066048459671082, 0.30128004871818603, 0.19211510531470516],
    [0.08652184416007176, 0.8120131877832464, 0.10146496805668105],
    [0.29016733448519294, 0.013355441920246031, 0.6964772235945629]]

B: [[9.80896066308553e-54, 1.946437362469556e-12, 0.3533017102668311, 0.6466982897312217],
    [0.06786820356244658, 0.41206662971493696, 0.2813918498391949, 0.23867331688342083],
    [0.6887966027586384, 0.22515603900860517, 0.07537042695323116, 0.01067693127952535]]

Pi: [[0.0, 0.0, 0.9999999999999737]]


last
A = [[0.27071153, 0.38931052, 0.33997795],
         [0.27228218, 0.2898265, 0.43789132],
         [0.32831224, 0.40157795, 0.27010981]]

    B = [[0.22803384, 0.25689218, 0.27263281, 0.24244118],
         [0.20028617, 0.22456661, 0.29165628, 0.28349094],
         [0.27858948, 0.29849345, 0.20531129, 0.21760578]]

    pi = [[0.32021833, 0.33293631, 0.34684536]]

second last
A = [[0.41897468, 0.39928934, 0.18173597],
         [0.34997955, 0.2515837, 0.39843674],
         [0.21826985, 0.2236446, 0.55808555]]

    B = [[0.3033891,  0.11721668, 0.18750924, 0.39188498],
         [0.23378426, 0.14488663, 0.38597491, 0.2353542 ],
         [0.16851938, 0.31367331, 0.15918086, 0.35862645]]

    pi = [[0.15312764, 0.31480705, 0.53206531]]

0.01
A = [[0.33743042, 0.33411407, 0.32845552],
         [0.3294476,  0.33192828, 0.33862412],
         [0.34063916, 0.3290249,  0.33033594]]

    B = [[0.25024064, 0.24820562, 0.24989197, 0.25166176],
         [0.25877115, 0.24393194, 0.24949366, 0.24780325],
         [0.24856748, 0.25191823, 0.25518921, 0.24432508]]

    pi = [[0.34096839, 0.32967663, 0.32935498]]


DIAGONAL:

A: [[0.0, 0.0, 0.0],
    [0.0, 0.0, 0.0],
    [0.0, 0.0, 1.0]]

B: [[0.0, 0.0, 0.0, 0.0],
    [0.0, 0.0, 0.0, 0.0],
    [0.243, 0.248, 0.236, 0.273]]

Pi: [[0.0, 0.0, 1.0]]
ITERATIONS: 2


UNIFORM:

A: [[0.33333333333334125, 0.33333333333334125, 0.33333333333334125],
    [0.33333333333334125, 0.33333333333334125, 0.33333333333334125],
    [0.33333333333334125, 0.33333333333334125, 0.33333333333334125]]

B: [[0.24300000000000088, 0.24800000000000083, 0.23600000000000096, 0.2730000000000006],
    [0.24300000000000088, 0.24800000000000083, 0.23600000000000096, 0.2730000000000006],
    [0.24300000000000088, 0.24800000000000083, 0.23600000000000096, 0.2730000000000006]]

Pi: [[0.3333333333333331, 0.3333333333333331, 0.3333333333333331]]
ITERATIONS: 2


A: [[0.6857505781731629, 0.014059506479116399, 0.300189915347721],
    [0.09981245712215159, 0.8104754547796287, 0.08971208809821887],
    [0.20083180719770732, 0.2942494610308306, 0.5049187317714615]]

B: [[0.6979861793609768, 0.230227378319992, 0.07178644231903127, 0.0],
    [0.06640206195197351, 0.41281834980741766, 0.28239525056363324, 0.2383843376769744],
    [1.2752209427135556e-27, 6.738572759405694e-11, 0.35198077018983037, 0.6480192297427839]]

Pi: [[1.0000000000000104, 0.0, 0.0]]

ITERATIONS: 1333

[[0.6964764072237691, 0.013355520467963426, 0.2901680723082681],
[0.10146484237721358, 0.8120129780896936, 0.08652217953309357],
[0.19211580982560375, 0.3012794969185915, 0.5066046932558034]]

[[0.6887972824578699, 0.22515641843057055, 0.07537016018577528, 0.0106761389257843],
[0.06786807834759359, 0.41206675505247214, 0.28139193370751686, 0.23867323289241826],
[4.0752407194770376e-48, 5.853711322911404e-13, 0.35330159172209175, 0.6466984082773223]]

[[0.9999999999999991, 0.0, 0.0]]


A: [[0.6432363967455661, 0.3567636032544354, 0.2],
    [0.19018824169950163, 0.8098117583004997, 0.28]]

B: [[0.6959795608810306, 0.16540516133084496, 0.07894627655538726, 0.05966900123273732],
    [3.68545019346626e-10, 0.29230783968956225, 0.3202511628227371, 0.3874409971191574]]

Pi: [[1.000000000000002, 0.0]]
ITERATIONS: 3500


A: [[0.8321274411991306, 1.0582786408396841e-41, 0.16787255880086963, 3.3950760043834445e-184],
    [0.019233201682547288, 0.4651633553174001, 0.3446807148477965, 0.17092272815225462],
    [0.10667893749344977, 1.1506070378372751e-167, 0.5020502451996561, 0.3912708173068944],
    [0.0404426742442653, 0.22585142298502633, 0.015350123933188851, 0.7183557788375179]]

B: [[0.6407794921969849, 0.16361469806192855, 0.10733233290735178, 0.08827347683373452],
[0.5319930458564549, 0.4680069541435432, 1.6132766090793617e-18, 6.331421601582612e-115],
[2.08300792739152e-213, 1.7551590868271568e-70, 0.3690992109749517, 0.6309007890250483],
[2.6596386575727943e-237, 0.3402293818717698, 0.3461802372914666, 0.3135903808367631]]

Pi: [[2e-323, 0.9999999999999865, 0.0, 0.0]]
ITERATIONS: 6788


A: [[0.6432363967737933, 0.3567636032262058],
    [0.19018824162393308, 0.8098117583760647]]

B: [[0.6959795608999932, 0.16540516131859778, 0.07894627655556069, 0.05966900122584858],
    [4.351084096715588e-10, 0.29230783968213914, 0.32025116279603794, 0.38744099708671226]]

Pi: [[1.000000000000002, 0.0]]
ITERATIONS: 3455

